49.494,16.033
49.466,15.169
49.630,15.523
49.487,14.734
49.653,14.968
49.535,13.992
50.165,16.465
49.31,14.15
50.541,15.690
49.72,14.60
49.87,15.85
49.20,13.92
48.88,17.50
49.981,14.443
49.97,16.37
48.99,17.58
50.232,14.410
49.60,14.92
50.24,15.17
50.98,15.25
49.10,17.39
49.30,13.30
50.090,14.570
49.14,13.56
50.60,16.25
50.15,16.11
49.55,18.28
49.46,18.14
49.09,15.89
48.83,13.98
50.62,14.20
48.87,17.51
49.20,18.05
49.45,16.18
49.36,16.39
49.10,16.77
50.000,14.410
50.075,14.450
49.14,17.00
48.91,16.75
49.79,17.44
50.55,16.37
49.6432,13.5660
50.0920,13.1631
50.3689,12.8184
50.2437,12.8380
50.5280,14.1700
50.6181,14.4931
50.6084,15.5716
50.1210,15.9360
50.0766,15.9589
49.7446,15.6007
49.0332,16.8703
49.4213,16.8718
49.0798,17.8283
49.2360,17.7080
49.0707,17.9725
49.7006,18.0040
50.6244,16.0835
50.1643,14.8716
49.7881,14.2937
49.7177,14.1599
50.0056,16.5627
49.9529,14.2087
49.466,17.086
49.412,15.591
49.8355,18.1622
48.907,16.006
49.5306,17.87
50.0064,15.3758
49.9817,14.5784
50.3726,15.5496
49.5058,17.1071
49.7241,14.0825
49.2499,17.2097
48.8424,14.6393
50.2182,13.3133
50.0979,16.0934
49.4587,18.0570
50.4728,15.3847
49.3341,16.3864
49.6363,16.9102
49.8531,14.7442
49.4307,15.2231
49.6078,14.4782
49.4156,16.4538
49.6500,17.3225
48.9345,16.6250
50.0470,14.3670
50.0729,15.8026
49.6019,13.8658
